18
31
100002
100033
100046
100054
100071
100164
100174
100179
100188
100196
100213
100222
100344
100370
100474
100596
100597
100598
100599
100600
100603
100615
100616
100617
100648
100671
100681
100682
100683
100684
100685
100687
100688
100689
100690
100691
100693
100694
100695
100696
100697
100698
100699
100700
100701
100703
100705
100706
100707
100708
100709
100710
100711
100712
100713
100714
100715
100716
100717
100718
100719
100720
100722
100723
100724
100725
100726
100727
100728
100729
100730
100731
100732
100733
100734
100735
100737
100738
100740
100741
100742
100743
100744
100745
100746
100747
100748
100749
100750
100751
100752
100753
100754
100756
100757
100758
100760
100761
100762
100763
100765
100766
100767
100768
100769
100770
100771
100772
100773
100774
100775
100836
100838
100841
100843
100845
100847
100849
100851
100853
100856
100858
100860
100862
100864
100866
100868
100870
100872
100874
100876
100878
100880
100882
100884
100886
100889
100891
100893
100895
100897
100899
100901
100903
100905
100907
101310
101313
101316
101322
101325
101329
101331
101334
101337
101341
101344
101345
101349
101353
101357
101358
101359
101360
101361
101362
101363
101364
101385
101390
101395
101396
101399
104341
104347
107373
107979
111024
114723
115493
115502
115517
115519
115520
115521
115526
115529
115530
115534
115535
115536
115537
115538
115539
115557
115558
115560
115565
115567
115570
115579
115582
115586
115588
115589
115599
115601
115602
115603
115604
115605
115606
115607
115608
115609
115610
115611
115612
115613
115614
115615
115616
115617
115618
115619
115620
115621
115622
115623
115624
115625
115626
115627
115628
115629
115630
115631
115632
115633
115634
115635
115636
115637
115638
115639
115640
115641
115642
115643
115644
115645
115646
115647
115648
115649
115650
115651
115652
115653
115654
115655
115656
115657
115658
115659
115660
115661
115662
115663
115664
115665
115666
115667
115668
115669
115670
115671
115672
115673
115674
115675
115676
115677
115678
115679
115680
115681
115682
115683
115684
115685
115686
115687
115688
115689
115690
115691
115692
115693
115694
115695
115696
115697
115698
115699
115700
115701
115703
115704
115705
115706
115707
115708
115709
115710
115711
115712
115713
115714
115715
115716
115717
115718
115719
115720
115721
115722
115723
115724
115725
115726
115727
115728
115729
115730
115731
115732
115733
115734
115735
115736
115737
115738
115739
115740
115741
115742
115743
115744
115745
115746
115747
115748
115749
115750
115751
115752
115753
115754
115755
115756
115757
115758
115759
115760
115761
115762
115763
115764
115765
115766
115767
115768
115769
115770
115771
115772
115773
115774
115775
115776
115777
115778
115779
115780
115781
115782
115783
115784
115785
115787
115788
115789
115790
115791
115792
115793
115794
115795
115796
115797
115798
115799
115800
115801
115820
115821
115822
115823
115825
115828
115832
115836
115839
115840
115842
115843
115846
115848
115849
115850
115852
115854
115857
115862
115866
115869
115870
115872
115874
115876
115878
115880
115882
115886
115888
115890
115894
115895
115896
115897
115900
115901
115902
115903
115904
115905
115906
115907
115908
115909
115910
115911
115912
115913
115914
115915
115916
115917
115918
115919
115920
115921
115922
115923
115924
115925
115926
115927
115928
115929
115930
115931
115932
115933
115934
115935
115936
115937
115938
115939
115940
115941
115942
115943
115944
115945
115946
115947
115948
115949
115950
115951
115952
115953
115954
115955
115956
115957
115958
115959
115960
115961
115962
115963
115964
115965
115966
115967
115968
115969
115970
115971
115972
115973
115974
115975
115976
115977
115978
115979
115980
115981
115982
115983
115984
115985
115986
115987
115988
115989
115990
115991
115992
115993
115994
115995
115996
115997
115998
115999
116073
116375
116380
116381
116382
116384
116673
116762
116767
117306
117331
117753
120554
128309
152644
177529
182588
185000
188926
198629
198687
198703
198704
198709
198719
198729
198737
198738
198746
198755
198757
198764
198768
198779
198784
198788
198790
198793
198908
198915
198918
198930
198934
198937
198941
198957
198960
198963
198975
198976
198979
198982
198987
198997
198999
199011
199020
199034
199039
199042
199046
199053
199057
199063
199080
199082
199085
199088
199092
199102
199103
199110
199119
199125
199129
199134
199140
199143
199147
199158
199179
199191
199194
199197
199240
199253
199255
199261
199402
199408
199413
199418
199429
199430
199444
199446
199452
199462
199469
199475
199480
199485
199492
199500
202302
207161
211251
211324
211382
219675
222866
224107
224137
224188
224192
224219
224299
224316
224361
224376
224466
224660
224750
224769
224863
224945
224972
224992
225708
226002
227521
227522
227553
228011
228028
228036
228040
228052
228078
228084
228109
228118
228140
228142
228170
228183
228194
228213
228216
228231
228256
228270
228283
228300
228304
228328
228335
228366
228382
228398
228411
228432
228437
228442
228462
228490
228501
228509
228530
228543
228557
228572
228582
228597
228603
228619
228628
228645
228665
228684
228705
228715
228719
228738
228749
228764
228774
228790
228809
228825
228840
228864
228869
228887
228899
228918
228929
228943
228964
228987
228994
229000
229001
229025
229033
229041
229056
229074
229079
229087
229104
229110
229133
229152
229161
229170
229189
229226
229238
229246
229248
229252
229255
229276
229291
229298
229323
229338
229345
229356
229371
229379
229387
229398
229402
229416
229423
229432
229440
229448
229460
229471
229481
229492
229501
229521
229525
229535
229560
229568
229575
229584
229588
229597
229606
229609
229618
229623
229631
229651
229661
229665
229682
229703
229715
229731
229744
229754
229760
229766
229777
229798
229805
229811
229812
229847
229851
229859
229861
229876
229888
229898
229903
229917
229918
229928
229943
229959
229966
229977
229987
229993
230008
230013
230030
230035
230043
230053
230066
230075
230095
230115
230130
230131
230137
230155
230160
230164
230188
230201
230207
230217
230228
230239
230264
230271
230285
230304
230306
230312
230320
230333
230356
230376
230395
230398
230413
230422
230439
230447
230457
230486
230488
230498
230511
230517
230531
230541
230550
230558
230573
230583
230599
230611
230617
230632
230640
230657
230671
230684
230694
230702
230704
230714
230721
230726
230741
230759
230765
230776
230824
230833
230838
230844
230865
230875
230887
230889
230900
230909
230924
230936
230949
230953
230963
230965
230973
230984
230994
230999
231007
231017
231021
231048
231054
231058
231067
231078
231088
231101
231130
231150
231178
231184
231195
231198
231201
231216
231224
231236
231257
231265
231275
231286
231287
231300
231304
231306
231328
231343
231350
231356
231366
231381
231395
231400
231407
231413
231421
231428
231443
231466
231477
231496
231511
231527
231541
231560
231574
231576
231577
231586
231599
231608
231612
231629
231642
231654
231668
231684
231696
231707
231724
231725
231727
231766
231775
231780
231798
231807
231808
231823
231830
231854
231868
231883
231898
231904
231906
231920
231933
231953
231959
231972
231983
231993
232007
232014
232034
232035
232058
232060
232075
232092
232095
232102
232111
232117
232120
232126
232146
232150
232163
232164
232176
232186
232207
232212
232215
232230
232233
232258
232266
232288
232289
232307
232313
232329
232350
232353
232375
232377
232385
232398
232403
232425
232443
232448
232455
232463
232472
232484
232496
232503
232507
232514
232518
232537
232541
232558
232564
232595
232605
232610
232641
232645
232661
232673
232678
232688
232694
232707
232717
232721
232726
232729
232734
232738
232744
232748
232751
232758
232763
232764
232773
232776
232783
232786
232794
232797
232812
232822
232836
232837
232850
232860
232881
232884
232890
232907
232913
232917
232924
232934
232937
232944
232956
232959
232971
232976
232986
232998
233013
233016
233017
233023
233024
233037
233044
233053
233068
233076
233084
233091
233102
233105
233119
233121
233122
233124
233130
233137
233138
233141
233152
233161
233163
233170
233171
233180
233181
233193
233195
242107
242115
242125
242137
242138
242144
242152
242164
242170
242183
242191
242192
242194
242197
242205
242206
242220
242221
242224
242229
242231
242235
242242
242261
242262
242266
242275
242288
242289
242301
242305
242308
242312
242315
242316
242329
242330
242332
242334
242338
242347
242355
242357
242361
242364
242372
242376
242377
242380
242382
242383
242384
242388
242390
242391
242396
242398
242415
242425
242428
242432
242435
242437
242440
242443
242444
242453
242457
242460
242461
242469
242470
242488
242685
271829
